{
    "corr": [
        [
            1.0,
            -0.6493901372173805,
            0.6429853761115261,
            -0.07069025471525557,
            0.1440082080070395,
            -0.2641380727610622,
            -0.24315077379919314,
            -0.18276377950738812,
            -0.3244613328228637,
            -0.2902987166371243,
            0.2612115296049989,
            -0.04475134161096078,
            -0.43204231854068437,
            -0.492342133477881,
            -0.23887266651498476,
            0.12254759250627992,
            0.19672556984392492,
            0.13093662859043176,
            0.30849279550249,
            -0.2556609421054724,
            -0.26165292214880437,
            -0.2624664970758567,
            -0.21506197433342056,
            0.01767684403838283,
            0.40364014327847053,
            0.5706137351294683,
            0.17535403784583936,
            0.20619884174702194,
            0.22800063655045832,
            0.26353816116671214,
            0.26165906538471495,
            0.26138204689531924,
            0.26138169890971913,
            0.054053032845633064,
            -0.28498787356260197,
            -0.1729213790131266,
            0.022054894262692065,
            -0.297268704833767,
            0.1724898140596128,
            -0.46443213352612805,
            -0.5524431120631687,
            -0.0847265409246479,
            0.014673328694429746,
            -0.26340812966828264,
            -0.297630034256164,
            -0.5398040336705412,
            -0.26510271098120114,
            -0.13399862005027355,
            0.03252297036570479,
            0.367238062864912,
            -0.17872083964078744,
            -0.3259185526016967,
            -0.33010973617446304,
            0.03138658322988902,
            -0.24460495087952994,
            -0.368714610488573,
            -0.1082127219175047,
            -0.09339868636179333,
            -0.6306064223517305,
            -0.6395205399451303,
            -0.40281028506903704,
            -0.1713122828240035,
            0.36024769955157293,
            -0.6334993161915423,
            -0.5888286700712522,
            0.2690945308726302,
            0.45761309038193854,
            0.43974971901585014,
            0.2781562411154549
        ],
        [
            -0.6493901372173805,
            1.0,
            -0.9745617012746888,
            0.16754656793785455,
            -0.22120454898237182,
            0.2739168960838829,
            0.2544625116808948,
            0.1844107227428505,
            0.3382416729765536,
            0.42969994589231764,
            -0.47296679054341556,
            0.2063324290006693,
            0.47099807283203277,
            0.6689470131334998,
            0.2558427613335078,
            -0.21675018393290682,
            -0.29053308836235503,
            -0.09395885580121767,
            -0.374671092403053,
            0.2712036060229413,
            0.2746486520648919,
            0.27333995622074936,
            0.267822723316477,
            -0.1675162674835362,
            -0.5457603649531562,
            -0.6801700975102137,
            -0.25615586244983585,
            -0.293929906495467,
            -0.33101639428299245,
            -0.3860940898477285,
            -0.27466508144296126,
            -0.2744866428353299,
            -0.2744866014185049,
            -0.03154366152265471,
            0.39131139965739087,
            0.22815983390694156,
            0.017300954472669505,
            0.32457540216415626,
            -0.18271975484548011,
            0.5401097525632951,
            0.6170438649797394,
            0.10834932781206888,
            0.05898690606286183,
            0.40585643358109735,
            0.4762090820858832,
            0.6018776112552864,
            0.3342222248270961,
            0.2353653669698095,
            -0.01774102684926,
            -0.579249224365256,
            0.5021998350409828,
            0.554569969510359,
            0.5528779085617403,
            -0.08535173785915925,
            0.3546572024714719,
            0.7311556774944686,
            0.4255691390122295,
            -0.0023716646862385667,
            0.7446982524611233,
            0.7949329887659815,
            0.5780699959896126,
            0.20437475268143016,
            -0.37005267397444475,
            0.7600995488103207,
            0.6807853801107255,
            -0.31765896086882617,
            -0.6082061264024287,
            -0.43494205951821135,
            -0.27924534900215503
        ],
        [
            0.6429853761115261,
            -0.9745617012746888,
            1.0,
            -0.17874356118601106,
            0.1905003659284028,
            -0.2980817528608306,
            -0.27329059909540154,
            -0.21359495257334055,
            -0.3620210671181163,
            -0.4634857486324053,
            0.49989004436786433,
            -0.2058974091673731,
            -0.49875611468343617,
            -0.662293762631433,
            -0.24926843718145736,
            0.2168269630549212,
            0.29529675227928265,
            0.05831900495129896,
            0.3519843046492442,
            -0.29327474533963055,
            -0.29553784129983407,
            -0.29303176967080896,
            -0.2613489422505096,
            0.14046729336961938,
            0.5260764749401925,
            0.6689716366774185,
            0.2354001440875915,
            0.2664152711419359,
            0.3068696674481911,
            0.36338550659229585,
            0.2955546864610557,
            0.295473975213134,
            0.2954740841496685,
            0.02781826521200168,
            -0.3876371739508666,
            -0.2252576267570997,
            -0.013188759419817725,
            -0.3369500010320939,
            0.18676949942551802,
            -0.5379966166019836,
            -0.6242467743078423,
            -0.11041848140943769,
            -0.0644358712149066,
            -0.40226580141536594,
            -0.4577733177298639,
            -0.6061583783827892,
            -0.3548384771601025,
            -0.24163448767027362,
            0.017664154328047625,
            0.5717601803128214,
            -0.4776542252917805,
            -0.5776090636567018,
            -0.577784407102285,
            0.07523758285495061,
            -0.3793223238503397,
            -0.7439355291725456,
            -0.401258614611071,
            -0.04732082686480478,
            -0.7272005123270517,
            -0.8072689276550983,
            -0.5517050589720757,
            -0.21989057627317754,
            0.35260216178748754,
            -0.7602427467130505,
            -0.6779752071559757,
            0.30462662623713255,
            0.6278994475160289,
            0.4360532455102565,
            0.3141423622877103
        ],
        [
            -0.07069025471525557,
            0.16754656793785455,
            -0.17874356118601106,
            1.0,
            -0.517271490535055,
            -0.4045713046392858,
            -0.4067953043879047,
            -0.3725017767521214,
            -0.4098346301896733,
            0.49768488615503675,
            -0.39678790957815674,
            -0.00609579893943548,
            0.3968412131054154,
            -0.17016231241274093,
            0.06060884298670605,
            -0.13739257604846508,
            -0.5501433205715354,
            -0.3002143677915722,
            -0.31658981655978463,
            -0.5082880019487829,
            -0.5011680784467651,
            -0.4885873301702724,
            0.22055875799871252,
            -0.5857169832575126,
            -0.5145181226242317,
            -0.3753583171571278,
            -0.5548862563455286,
            -0.5261007581540293,
            -0.5296849845548948,
            -0.51629296200863,
            0.501165307315699,
            0.5010095231628542,
            0.5010108812213749,
            0.06403919732723358,
            0.5687258500174722,
            0.631715749253773,
            0.5760494636874401,
            -0.6204669308495354,
            0.5194444830540139,
            0.5449569462771954,
            0.41215429288664757,
            -0.35836084319047845,
            -0.3204420576559746,
            -0.4242369216422051,
            -0.34378905604954024,
            -0.05865049572186644,
            -0.412831356558983,
            -0.34552630804143153,
            -0.35011277575074135,
            -0.2992600090522919,
            0.542838946412619,
            -0.36140222089987395,
            -0.36373007047324896,
            -0.5539674598802679,
            -0.48024759929997396,
            -0.16746585116993348,
            0.5617546543034068,
            0.1336983055942218,
            0.3862347848486754,
            0.1665508803838389,
            -0.2661345306878947,
            -0.3657317761899768,
            -0.4225820591036812,
            0.32408121119374755,
            0.3871117577760371,
            -0.254577138570743,
            -0.41614168188694495,
            -0.028473275061349446,
            0.3716415018640745
        ],
        [
            0.1440082080070395,
            -0.22120454898237182,
            0.1905003659284028,
            -0.517271490535055,
            1.0,
            0.7018102845830652,
            0.7050082671480944,
            0.7139716029468534,
            0.6658425492809883,
            -0.4117650747999407,
            0.12511782469819574,
            0.33476661535810004,
            -0.4457499110823867,
            0.2904697424568422,
            -0.040780185493657,
            0.19153032335422285,
            0.2978608650954578,
            0.12703469101379475,
            -0.018180675950579123,
            0.6912453282745787,
            0.6982312240393275,
            0.6935566683543867,
            -0.27826402048941323,
            0.7908498990797419,
            0.8035110145830782,
            0.6502461975917823,
            0.8969830383777969,
            0.9142320902898368,
            0.9073347817541771,
            0.8963463193693533,
            -0.6982259491073929,
            -0.6980728046848124,
            -0.6980728561635988,
            0.11708560168469766,
            -0.705346326030304,
            -0.7820661267816967,
            -0.7506857782668988,
            0.5927767027462406,
            -0.6699994111284081,
            -0.6124577526619492,
            -0.4198005233545907,
            0.40570437405614157,
            0.38988150704744307,
            0.4868648534361689,
            0.32324564447688237,
            0.26210011891161145,
            0.6096380893057844,
            0.3808456283799558,
            0.38568936126757897,
            0.6170927213598768,
            -0.6721934483762594,
            0.5600088971361447,
            0.5621499081490191,
            0.6913004293635115,
            0.6866929654186259,
            0.33785156443500963,
            -0.6646195742645439,
            -0.12074662611270873,
            -0.5575089520275713,
            -0.14001851955819242,
            0.21196198507340652,
            0.7253558823776526,
            0.6462072657713486,
            -0.4014814182084709,
            -0.515647194570847,
            0.3129968466454496,
            0.18562096651788124,
            -0.0054350036814391186,
            -0.5067230001961883
        ],
        [
            -0.2641380727610622,
            0.2739168960838829,
            -0.2980817528608306,
            -0.4045713046392858,
            0.7018102845830652,
            1.0,
            0.9921817435574565,
            0.972310278302463,
            0.9879803506523859,
            -0.20207560046405137,
            -0.07377076231066876,
            0.3836604861329129,
            -0.11801502761087217,
            0.7151986442862547,
            0.11687863943909302,
            0.0751795113354318,
            0.10515389923812361,
            -0.010772252525305616,
            -0.2765786155304635,
            0.9107828116822402,
            0.9233868086961358,
            0.9197635439686178,
            -0.062263392525921196,
            0.7768507319965027,
            0.5304205027066555,
            0.25335518056749723,
            0.6906715470344337,
            0.6776576627429688,
            0.6527991364728707,
            0.6112862065929963,
            -0.923387127003605,
            -0.9234380622040669,
            -0.9234377706925834,
            0.02741902206098073,
            -0.46766493608231396,
            -0.6722628523914678,
            -0.8029910542944864,
            0.7389795630168231,
            -0.8615403936692655,
            -0.2530694249054142,
            -0.0027546570013117846,
            0.481167083069075,
            0.37669070983355146,
            0.7140861465877753,
            0.6001440713448665,
            0.7335111933116419,
            0.8338778154374863,
            0.4752875278517443,
            0.32834639141036953,
            0.29749994340489594,
            -0.5175331649532977,
            0.8423699707763666,
            0.845899850236856,
            0.7279254222741821,
            0.9003919413456206,
            0.6617317877287248,
            -0.5673957412074151,
            -0.10631727005184642,
            -0.1550273558161597,
            0.3104451233796286,
            0.467915551251786,
            0.912209983327486,
            0.45839144533217063,
            0.016459589755080686,
            -0.1464516517646962,
            0.15865776981768978,
            -0.10336175365803478,
            -0.26797567080340967,
            -0.7507867774831244
        ],
        [
            -0.24315077379919314,
            0.2544625116808948,
            -0.27329059909540154,
            -0.4067953043879047,
            0.7050082671480944,
            0.9921817435574565,
            1.0,
            0.9555069851699984,
            0.9751587106807504,
            -0.22544017829754112,
            -0.06722607879607131,
            0.4035563874817671,
            -0.1425455032984234,
            0.6981798856002599,
            0.10359621996564312,
            0.08412111714312435,
            0.11535531501041582,
            -0.009331702388556518,
            -0.2749793306227013,
            0.9046480159703069,
            0.9197034358451727,
            0.9179966434702708,
            -0.05686771502611131,
            0.7782275089371911,
            0.5508529790158746,
            0.279158152438855,
            0.6993336692672347,
            0.6830649605008718,
            0.6598817072251508,
            0.61891793716735,
            -0.9197023543750649,
            -0.9196663697257459,
            -0.9196658076934094,
            0.023981717653499136,
            -0.4831493155949733,
            -0.6866260236446263,
            -0.8138952670888785,
            0.7328499349448312,
            -0.8655533861506935,
            -0.269996947349872,
            -0.023696831016035525,
            0.47216211986225787,
            0.37694634203337524,
            0.7199132849603219,
            0.6111216750964223,
            0.715133324725686,
            0.8326959991638201,
            0.4759788055694959,
            0.33032798440249334,
            0.31156656974277563,
            -0.5242546595256641,
            0.8354293015862791,
            0.8384981085172567,
            0.7302313334475146,
            0.8959345965247921,
            0.6540122855002051,
            -0.5710403233223135,
            -0.12640630400675773,
            -0.1822838760167896,
            0.27877080910715074,
            0.45229299545694074,
            0.9162599406600032,
            0.4805819968617162,
            -0.01718789032607356,
            -0.1789041054524633,
            0.16347390477916884,
            -0.0849669004914241,
            -0.24362959284971294,
            -0.7464861102620455
        ],
        [
            -0.18276377950738812,
            0.1844107227428505,
            -0.21359495257334055,
            -0.3725017767521214,
            0.7139716029468534,
            0.972310278302463,
            0.9555069851699984,
            1.0,
            0.9305737996855594,
            -0.18328585428917582,
            -0.09154797068674801,
            0.38796920331497625,
            -0.1719644857126015,
            0.6271008954190508,
            0.08342489238424014,
            0.08252676998992578,
            0.0666756509499353,
            -0.010199263661366096,
            -0.2569375815096311,
            0.8398354695417586,
            0.8503843699699009,
            0.846242690658961,
            -0.08681538350859887,
            0.7492527765784137,
            0.5757597032450004,
            0.3355256957025513,
            0.7160325531760756,
            0.7123246171061497,
            0.6897234893246045,
            0.6542390121761361,
            -0.8503812372686127,
            -0.8506844954017357,
            -0.8506843425728571,
            0.047271900372064454,
            -0.5159273260548805,
            -0.6891131177134892,
            -0.780034637045444,
            0.6445126845374219,
            -0.8044468754787307,
            -0.3367250025430803,
            -0.10560885284507143,
            0.4470125145096387,
            0.37820798075978784,
            0.6438351284030217,
            0.5276135964714305,
            0.6438550778701846,
            0.7669482827280094,
            0.4342495436845659,
            0.3095802211856062,
            0.3311893402660503,
            -0.5086967599023138,
            0.7890330329207398,
            0.7920001055956308,
            0.7019531946373655,
            0.849053150280343,
            0.6145371191601232,
            -0.5477675962100951,
            -0.11912651869782212,
            -0.25016364689946907,
            0.209127111386608,
            0.40997581306611536,
            0.8770256464731641,
            0.5139108103021324,
            -0.08340938683376345,
            -0.23859188237692033,
            0.23958634958890934,
            -0.03163580599952315,
            -0.15634592863093189,
            -0.6832263829348715
        ],
        [
            -0.3244613328228637,
            0.3382416729765536,
            -0.3620210671181163,
            -0.4098346301896733,
            0.6658425492809883,
            0.9879803506523859,
            0.9751587106807504,
            0.9305737996855594,
            1.0,
            -0.19044635345041058,
            -0.06388274444065134,
            0.3524238560837468,
            -0.05969060408790679,
            0.7607939748167178,
            0.14474902080665886,
            0.06103340773098013,
            0.11981514557094258,
            -0.011810038680146151,
            -0.2809021413333635,
            0.9298637777928822,
            0.9416159719105343,
            0.9370843820263275,
            -0.047406072509709594,
            0.7662082353327324,
            0.46588350494741954,
            0.17022344271698459,
            0.6422756660147166,
            0.6258358021216154,
            0.5991483526956782,
            0.554691597709033,
            -0.9416196128003671,
            -0.9415620331216491,
            -0.9415618549331949,
            0.015566962103288423,
            -0.4070252783593186,
            -0.6261268047672554,
            -0.7813771606617121,
            0.7801050396145088,
            -0.865743544387399,
            -0.17537940699205593,
            0.08166459848458324,
            0.4931865300454451,
            0.36181195739136895,
            0.7311731659976319,
            0.619168327916896,
            0.7804740657416696,
            0.8494610830653176,
            0.4851236958542645,
            0.32760849829938465,
            0.2538614759679475,
            -0.49981850575030595,
            0.8526787596421525,
            0.8567928973495512,
            0.7172928036305786,
            0.9054522304728231,
            0.6750324009922254,
            -0.5573553432681523,
            -0.0792931963245474,
            -0.06569504735587578,
            0.39023756619200073,
            0.501200614486984,
            0.8998177641609502,
            0.38835138483783277,
            0.10737869822820795,
            -0.055680708099672946,
            0.09500212715699091,
            -0.16115647670770192,
            -0.3509333162029859,
            -0.7720697171999182
        ],
        [
            -0.2902987166371243,
            0.42969994589231764,
            -0.4634857486324053,
            0.49768488615503675,
            -0.4117650747999407,
            -0.20207560046405137,
            -0.22544017829754112,
            -0.18328585428917582,
            -0.19044635345041058,
            1.0,
            -0.7877889109933016,
            -0.0276308749292349,
            0.4558618252117396,
            -0.05887539951411067,
            0.033356860419384,
            -0.21945088647700337,
            -0.7120043827772412,
            0.007929985664680197,
            -0.13871224448700287,
            -0.3605619722013149,
            -0.36124204419200057,
            -0.35659273483584103,
            0.48639682458730965,
            -0.5728907922519135,
            -0.5476132462733108,
            -0.47334004106336264,
            -0.46344272520364505,
            -0.4533044349200495,
            -0.46630307105458213,
            -0.4722115821385265,
            0.36122949977256513,
            0.3606247770439562,
            0.3606251056840661,
            0.022865257441437623,
            0.487055053080617,
            0.5293487441447817,
            0.46354481264965913,
            -0.24583833337223646,
            0.39853599772210574,
            0.4877433291643919,
            0.39654946666282453,
            -0.32184266334891654,
            -0.3867273768964428,
            -0.26535194183571975,
            -0.13927888038097513,
            0.12581337925479502,
            -0.20039007880027357,
            -0.3439174591526014,
            -0.49128635932913156,
            -0.5441446705470908,
            0.6636649965244752,
            -0.11628950165762166,
            -0.11203563429595091,
            -0.6457314542441962,
            -0.30174467719542986,
            0.10460519101876674,
            0.6406936838777216,
            0.1582237707353801,
            0.5224202425382859,
            0.38458359245159046,
            -0.0108404307016142,
            -0.32587333665458285,
            -0.3820823172439199,
            0.4679506887136111,
            0.48379721036675555,
            -0.24697088299923992,
            -0.5872235043333769,
            -0.007314741579455459,
            0.29325380485598074
        ],
        [
            0.2612115296049989,
            -0.47296679054341556,
            0.49989004436786433,
            -0.39678790957815674,
            0.12511782469819574,
            -0.07377076231066876,
            -0.06722607879607131,
            -0.09154797068674801,
            -0.06388274444065134,
            -0.7877889109933016,
            1.0,
            -0.5939428473369218,
            -0.20096820408803928,
            -0.07004768703111497,
            -0.097672613805545,
            0.16287230805989128,
            0.6404865953203424,
            -0.07443933959493491,
            0.33384416635505354,
            0.060564529055220216,
            0.054171215102579946,
            0.04853569954551116,
            -0.3354352082664254,
            0.37839633681527307,
            0.2525555946014225,
            0.16782380021767068,
            0.1519886855082851,
            0.13747669742266946,
            0.15759936436272906,
            0.17343415639790982,
            -0.05416891354958693,
            -0.053666282187634945,
            -0.05366703197567753,
            -0.08144776479734527,
            -0.19871820834762527,
            -0.1840277228872422,
            -0.08777375381077482,
            0.03823834201015532,
            -0.03697303489743449,
            -0.29522989141309813,
            -0.31676547845338676,
            0.13792423740673995,
            0.17302186060400881,
            0.026894142211100796,
            -0.059773916521596304,
            -0.26705697766653946,
            -0.0028336793452970713,
            0.14087794574453372,
            0.28143724366864203,
            0.37439001509231273,
            -0.5709928625918974,
            -0.203978821465303,
            -0.20549978952568854,
            0.4456664987371047,
            -0.0035679795850487328,
            -0.4149651172533868,
            -0.5628621262692969,
            0.06782439294783732,
            -0.2626513210059477,
            -0.347666140258928,
            -0.08256310750771625,
            -0.07164838416857867,
            -0.012712783801239205,
            -0.265739855096802,
            -0.20051525500252182,
            0.06747211015781825,
            0.582786726014943,
            -0.12843346181714557,
            -0.0881852101498977
        ],
        [
            -0.04475134161096078,
            0.2063324290006693,
            -0.2058974091673731,
            -0.00609579893943548,
            0.33476661535810004,
            0.3836604861329129,
            0.4035563874817671,
            0.38796920331497625,
            0.3524238560837468,
            -0.0276308749292349,
            -0.5939428473369218,
            1.0,
            -0.26926524136685437,
            0.19057962526760291,
            0.11494443495836744,
            0.022306694176219864,
            -0.10947299007822914,
            0.1104500443058622,
            -0.3606191859704468,
            0.3726520926276552,
            0.38391607274623657,
            0.38698933398421503,
            -0.09092142870626393,
            0.13417250392828864,
            0.3053836881000674,
            0.3458842189029779,
            0.3586558178465655,
            0.3689653684939662,
            0.35328623771326195,
            0.3353052481362855,
            -0.3839034232434752,
            -0.383929295090682,
            -0.3839285075070925,
            0.10231655460313997,
            -0.3136593029024812,
            -0.39274174067312106,
            -0.463003626900095,
            0.2590408139557587,
            -0.4605379223817417,
            -0.15792938846854615,
            -0.0038678434271975856,
            0.1965323407100627,
            0.22432052002630368,
            0.30293871700807323,
            0.27892404956018724,
            0.2690778476007316,
            0.2663351143003355,
            0.2205714104238153,
            0.18494116146850773,
            0.10312807454001405,
            0.059829275281299756,
            0.4829271030718873,
            0.47983936186725284,
            0.12013937813332319,
            0.39990951725502555,
            0.5368188372684073,
            0.07663751302580032,
            -0.3167337438851598,
            -0.25609388126585525,
            0.0619099052449954,
            0.14815079700739234,
            0.541912532871822,
            0.5196823666108091,
            -0.17993694991560175,
            -0.3064876945454233,
            0.2130765676999591,
            -0.17881239322215367,
            0.21798881226227593,
            -0.2399129662276123
        ],
        [
            -0.43204231854068437,
            0.47099807283203277,
            -0.49875611468343617,
            0.3968412131054154,
            -0.4457499110823867,
            -0.11801502761087217,
            -0.1425455032984234,
            -0.1719644857126015,
            -0.05969060408790679,
            0.4558618252117396,
            -0.20096820408803928,
            -0.26926524136685437,
            1.0,
            0.27009039864706347,
            0.16515646498886571,
            -0.21657194053945214,
            -0.23136953684215267,
            -0.060525147460570944,
            -0.08325156921048453,
            -0.12925810114394928,
            -0.1312144246627281,
            -0.13082521483102866,
            0.24880982159665374,
            -0.30472410374267894,
            -0.6233385792813889,
            -0.6980515740417346,
            -0.5076713546435775,
            -0.5045517120736933,
            -0.5215850316552588,
            -0.5344612437514903,
            0.13120259106652496,
            0.13100006041341938,
            0.1309999904786747,
            -0.015623926530028554,
            0.522709227521033,
            0.48097525660443247,
            0.3526002322898802,
            -0.05219604578778671,
            0.2097404765491444,
            0.5716021411538752,
            0.5448331520649741,
            -0.10632807741022417,
            -0.24569789625042654,
            -0.1195258941251249,
            -0.06908920882642708,
            0.23578481693157902,
            -0.06921315274694605,
            -0.130598153375326,
            -0.24119302626886494,
            -0.4708253903268531,
            0.3403917218196497,
            -0.055168662784368626,
            -0.05169311802799916,
            -0.31499422374898417,
            -0.13975132163560444,
            0.03969173055092748,
            0.2868670144783124,
            0.25059976341569296,
            0.6811547567517208,
            0.5016302174862396,
            0.13226615808307704,
            -0.24049219617004758,
            -0.5745525881876574,
            0.6279610030465077,
            0.6619216132227544,
            -0.2867887275710601,
            -0.4045064892774054,
            -0.3040881085183089,
            -0.16331596523354902
        ],
        [
            -0.492342133477881,
            0.6689470131334998,
            -0.662293762631433,
            -0.17016231241274093,
            0.2904697424568422,
            0.7151986442862547,
            0.6981798856002599,
            0.6271008954190508,
            0.7607939748167178,
            -0.05887539951411067,
            -0.07004768703111497,
            0.19057962526760291,
            0.27009039864706347,
            1.0,
            0.30352977587942337,
            -0.053165060356850896,
            -0.0205338808485351,
            -0.22164791033483952,
            -0.4334744836501114,
            0.6955964217111114,
            0.7028781671872525,
            0.6983620842736874,
            -0.0022064142336819586,
            0.4240328120384915,
            -0.018895494353325035,
            -0.2832331041648811,
            0.2494504642285907,
            0.2131369198766499,
            0.18162914580334544,
            0.12802302801296153,
            -0.7028888105921756,
            -0.7025861620788848,
            -0.7025861988038288,
            -0.04582122701089001,
            -0.006599037936219232,
            -0.2290574309411862,
            -0.4308449610176559,
            0.6531687908499876,
            -0.5990218859479642,
            0.19981710843923903,
            0.3883688759959829,
            0.38098464583157504,
            0.32369650756754426,
            0.6776693637304799,
            0.6261322308558457,
            0.7927052727020895,
            0.6668494852503952,
            0.4812746177019448,
            0.28866254407353775,
            -0.012599776767617487,
            -0.13595056368958175,
            0.7481915381125138,
            0.7485672842838996,
            0.4993668550389921,
            0.7100630313515206,
            0.7042273496687523,
            -0.1952258291881189,
            0.04148375403790305,
            0.3734591992918096,
            0.6393356294585634,
            0.6401913672191681,
            0.6388031952984662,
            -0.05247048890366474,
            0.48962012837446334,
            0.3752040194390246,
            -0.2656006263397919,
            -0.4198951764446086,
            -0.5987627862171246,
            -0.6538598040901421
        ],
        [
            -0.23887266651498476,
            0.2558427613335078,
            -0.24926843718145736,
            0.06060884298670605,
            -0.040780185493657,
            0.11687863943909302,
            0.10359621996564312,
            0.08342489238424014,
            0.14474902080665886,
            0.033356860419384,
            -0.097672613805545,
            0.11494443495836744,
            0.16515646498886571,
            0.30352977587942337,
            1.0,
            -0.050058517965709516,
            -0.042692534746534345,
            -0.08199909139553908,
            -0.1871558672942328,
            0.18757275296062992,
            0.15268054450803398,
            0.12396873739163156,
            0.07790823432173051,
            0.00011129680260249697,
            -0.15615324280934723,
            -0.2240734468790399,
            -0.047391743848062495,
            -0.061640900465453737,
            -0.06689160310836927,
            -0.07810309262673795,
            -0.15268109781493427,
            -0.15253623334849165,
            -0.15254020272748717,
            0.0343240737527821,
            0.07868882178891369,
            0.08049028496524503,
            -0.07789252487037875,
            0.19348739765676617,
            -0.14435234223865978,
            0.3462741598130625,
            0.4692825375427483,
            0.03641506679319063,
            -0.019116472729734792,
            0.11478642253765377,
            0.13279716427041885,
            0.32330821295048195,
            0.09562860768634471,
            0.05465982286652971,
            -0.006699646006866938,
            -0.08494466971873409,
            0.05346577385215172,
            0.11138479606298375,
            0.11137642540128587,
            0.035135348101862036,
            0.08690758868512602,
            0.12906434706223402,
            0.035514772183672126,
            0.04372091258562618,
            0.2713854715340158,
            0.3308008209131985,
            0.13213408470819102,
            0.09350105582294825,
            -0.1616551995912526,
            0.31738006679549857,
            0.2857907212456923,
            -0.35813869027660106,
            -0.37941540682249947,
            -0.377492997189224,
            -0.11211319380940954
        ],
        [
            0.12254759250627992,
            -0.21675018393290682,
            0.2168269630549212,
            -0.13739257604846508,
            0.19153032335422285,
            0.0751795113354318,
            0.08412111714312435,
            0.08252676998992578,
            0.06103340773098013,
            -0.21945088647700337,
            0.16287230805989128,
            0.022306694176219864,
            -0.21657194053945214,
            -0.053165060356850896,
            -0.050058517965709516,
            1.0,
            0.1017099364942381,
            -0.04651318042897146,
            0.002098059076311575,
            0.08642765368897845,
            0.08946312505985805,
            0.09049149429378107,
            -0.13853587325975403,
            0.223206166987838,
            0.28710449484658024,
            0.2751812730655412,
            0.22052799128538828,
            0.22584514411043383,
            0.22974541318089073,
            0.23394298998066365,
            -0.08946158643566761,
            -0.08929521517945857,
            -0.08929498428802828,
            -0.07911600380894174,
            -0.19158358830654082,
            -0.18206140206020963,
            -0.13441804373118732,
            0.025327996622472558,
            -0.08973160502182417,
            -0.20875615019069646,
            -0.20850722413805745,
            0.10172051957858984,
            0.11426228097689502,
            0.06593034785838267,
            0.012598711566531659,
            -0.06960613445959768,
            0.08953783979644482,
            0.06829123880155265,
            0.10923813830403266,
            0.25122969961231423,
            -0.23996769963144463,
            0.036955008756362304,
            0.036253903559054564,
            0.20388209466037135,
            0.10112754939260254,
            -0.03997472352844232,
            -0.22300958408322102,
            -0.014695802309718788,
            -0.24652972203761148,
            -0.1486686870434577,
            -0.03205843980014147,
            0.1320727596715555,
            0.21605013804386256,
            -0.2088847021913842,
            -0.2251910705121969,
            0.06369774244405854,
            0.13248609995181973,
            0.028516709303965115,
            -0.07491363200897118
        ],
        [
            0.19672556984392492,
            -0.29053308836235503,
            0.29529675227928265,
            -0.5501433205715354,
            0.2978608650954578,
            0.10515389923812361,
            0.11535531501041582,
            0.0666756509499353,
            0.11981514557094258,
            -0.7120043827772412,
            0.6404865953203424,
            -0.10947299007822914,
            -0.23136953684215267,
            -0.0205338808485351,
            -0.042692534746534345,
            0.1017099364942381,
            1.0,
            0.6184105745745826,
            0.6858349107815758,
            0.30858171659872796,
            0.3016397520385501,
            0.2920478910557502,
            -0.27610896038614824,
            0.4830236465630984,
            0.3922344269518821,
            0.2824128297935658,
            0.31803160093857075,
            0.31619995685659213,
            0.321598051958156,
            0.32361571959583096,
            -0.3016285111360114,
            -0.3013432258159316,
            -0.30134432064951033,
            0.06226642827830618,
            -0.3509056989348036,
            -0.3767052479872896,
            -0.3401215360091746,
            0.2663029285383704,
            -0.3033446429979218,
            -0.3318958209147396,
            -0.24165618144254705,
            0.189326582211044,
            0.26237744145838626,
            0.2016894957720201,
            0.10624616298974211,
            -0.1903702378496492,
            0.1952787771662773,
            0.27706310463098405,
            0.30709275313844797,
            0.34137904075882997,
            -0.5356687343358068,
            0.11555103308467987,
            0.11633285423754029,
            0.42288855898868494,
            0.26181659697868936,
            -0.0762854917424339,
            -0.5367466696041906,
            -0.13730340694343185,
            -0.3309876358459944,
            -0.2936279509048057,
            0.001002902507999422,
            0.05853825136011448,
            0.19361200399373288,
            -0.316913870631272,
            -0.3122225284950489,
            0.22150754315029184,
            0.4819354276592559,
            0.013579388732298116,
            -0.20764102786613278
        ],
        [
            0.13093662859043176,
            -0.09395885580121767,
            0.05831900495129896,
            -0.3002143677915722,
            0.12703469101379475,
            -0.010772252525305616,
            -0.009331702388556518,
            -0.010199263661366096,
            -0.011810038680146151,
            0.007929985664680197,
            -0.07443933959493491,
            0.1104500443058622,
            -0.060525147460570944,
            -0.22164791033483952,
            -0.08199909139553908,
            -0.04651318042897146,
            0.6184105745745826,
            1.0,
            0.8464002081502165,
            0.08699058121078226,
            0.08122375084998161,
            0.07567764870650538,
            0.07937470113907351,
            0.10344648530032227,
            0.19987933423930632,
            0.1930898467421243,
            0.12516496309627828,
            0.14577764748422542,
            0.14078783742764817,
            0.14182920441169392,
            -0.08120909276469945,
            -0.0815844375819625,
            -0.0815851611338881,
            0.15169453374793498,
            -0.19318737002830597,
            -0.16733997204619247,
            -0.13690863504602654,
            0.1154807313767092,
